null,134
,131
,126
,122
,125
,124
,123
,136
,122
,125
,125
,125
,136
,125
,140
,124
,127
,126
,125
,126
,126
,133
,124
,125
,123
,131
,125
,124
,135
,126
,126
,126
,125
,129
,126
,130
,125
,123
,127
,125
,137
,136
,131
,130
,125
,125
,124
,127
,125
,125
,129
,134
,126
,123
,124
,127
,125
,130
,129
,125
,124
,138
,124
,124
,125
,126
,125
,125
,123
,125
,125
,124
,130
,123
,126
,125
,125
,134
,126
,125
,126
,129
,127
,124
,124
,123
,126
,123
,126
,125
,125
,128
,128
,134
,128
,124
,131
,127
,126
,125
