null,536
,516
,520
,532
,527
,518
,526
,540
,522
,531
,527
,521
,535
,528
,514
,536
,532
,530
,514
,533
,533
,519
,534
,528
,515
,532
,529
,521
,531
,532
,521
,561
,536
,531
,524
,529
,519
,535
,528
,531
,523
,528
,527
,524
,531
,524
,520
,534
,531
,515
,527
,536
,521
,529
,532
,524
,531
,530
,534
,522
,533
,524
,527
,528
,532
,517
,528
,532
,520
,527
,529
,523
,534
,528
,525
,536
,532
,514
,530
,527
,530
,522
,531
,536
,523
,529
,528
,517
,527
,531
,514
,523
,529
,521
,532
,527
,527
,533
,534
,532
