null,520
,518
,524
,520
,520
,517
,524
,513
,519
,516
,514
,513
,516
,530
,513
,525
,557
,529
,513
,519
,523
,518
,517
,521
,520
,518
,518
,515
,515
,518
,517
,522
,526
,515
,522
,519
,518
,532
,516
,521
,514
,534
,519
,526
,521
,525
,521
,520
,517
,520
,521
,522
,530
,517
,527
,519
,521
,517
,516
,522
,524
,522
,518
,520
,516
,520
,513
,524
,523
,532
,519
,522
,523
,526
,514
,527
,517
,534
,536
,524
,521
,518
,532
,517
,521
,519
,518
,517
,526
,521
,529
,515
,521
,518
,527
,528
,529
,525
,520
,517
,520
,524
,525
,517
,524
,518
,522
,526
,520
,529
,525
,528
,525
,526
,518
,526
,513
,526
,528
,521
,521
,530
,528
,519
,520
,517
,522
,527
,519
,521
,524
,518
,522
,520
,519
,522
,516
,523
,523
,520
,519
,519
,522
,529
,523
,519
,514
,521
,520
,536
,523
,521
,526
,527
,521
,533
,516
,521
,515
,518
,517
,522
,519
,518
,514
,528
,515
,529
,515
,532
,523
,519
,519
,523
,527
,517
,515
,584
,521
,516
,524
,518
,519
,516
,524
,519
,525
,519
,515
,521
,522
,519
,519
,526
,527
,517
,515
,521
,522
,518
,522
,520
,526
,520
,532
,514
,520
,520
,522
,526
,524
,518
,518
,517
,518
,516
,524
,523
,517
,519
,518
,528
,516
,520
,523
,522
,514
,519
,516
,531
,514
,522
,517
,534
,516
,521
,527
,523
,512
,513
,518
,525
,516
,520
,512
,530
,520
,530
,526
,512
,529
,513
,524
,520
,518
,514
,524
,516
,527
,516
,519
,527
,524
,527
,517
,529
,520
,528
,520
,525
,518
,520
,519
,525
,515
,525
,531
,518
,519
,519
,526
,517
,521
,519
,522
,515
,518
,518
,520
,517
,519
,529
,523
,525
,516
,517
,516
,523
,515
,521
,518
,525
,526
,516
,522
,514
,533
,526
,529
,522
,523
,522
,524
,520
,533
,525
,523
,515
,520
,525
,513
,522
,525
,529
,518
,521
,519
,532
,511
,521
,532
,519
,524
,522
,521
,514
,520
,516
,530
,524
,521
,517
,519
,516
,533
,526
,518
,522
,521
,522
,520
,520
,519
,525
,526
,530
,517
,522
,528
,513
,524
,515
,532
,519
,523
,513
,536
,520
,524
,522
,521
,514
,515
,516
,520
,519
,529
,527
,519
,515
,530
,516
,522
,516
,518
,531
,517
,528
,518
,525
,520
,523
,516
,520
,521
,529
,515
,519
,519
,523
,523
,521
,523
,519
,525
,518
,525
,522
,520
,517
,533
,516
,522
,514
,525
,529
,516
,518
,516
,519
,528
,523
,518
,526
,518
,520
,518
,525
,519
,523
,526
,522
,524
,519
,530
,517
,519
,516
,522
,514
,527
,516
,522
,516
,525
,533
,524
,520
,515
,521
,521
,522
,517
,522
,516
,517
,519
,522
,517
,522
,518
,520
,519
,520
,514
,526
,513
,532
,516
,524
,516
,525
,526
,517
,525
,514
,520
,524
,523
,513
,519
,515
,519
,520
,527
,512
,518
,534
,518
,516
,523
,519
,517
,522
,520
,520
,511
,519
,520
,521
,516
,523
,531
,514
,523
,517
,519
,518
,519
,519
,520
,523
,535
,524
,522
,520
,531
,515
,518
,525
,513
,524
,519
,518
,525
,522
,514
,519
,518
,523
,532
,515
,528
,519
,524
,515
,519
,514
,521
,512
,524
,517
,519
,534
,524
,521
,520
,524
,516
,525
,513
,521
,516
,520
,522
,529
,516
,523
,529
,516
,522
,517
,521
,518
,521
,521
,519
,518
,520
,522
,525
,530
,520
,524
,519
,527
,516
,525
,524
,520
,515
,523
,523
,526
,519
,522
,526
,516
,516
,516
,520
,522
,522
,515
,520
,519
,531
,515
,521
,518
,519
,533
,524
,524
,520
,520
,516
,516
,521
,522
,516
,519
,516
,525
,515
,525
,513
,523
,524
,513
,523
,520
,517
,517
,530
,512
,517
,514
,522
,528
,521
,520
,524
,523
,522
,524
,516
,522
,524
,526
,513
,551
,514
,517
,524
,521
,520
,517
,515
,524
,519
,526
,513
,518
,517
,528
,513
,529
,515
,533
,523
,531
,525
,531
,518
,522
,514
,524
,520
,519
,515
,518
,529
,518
,522
,519
,527
,519
,524
,515
,520
,516
,532
,520
,520
,521
,523
,531
,519
,523
,515
,523
,520
,523
,516
,523
,519
,533
,518
,519
,516
,523
,516
,521
,519
,520
,518
,525
,515
,519
,518
,524
,515
,527
,518
,531
,535
,518
,526
,517
,522
,521
,517
,519
,520
,516
,520
,517
,518
,518
,515
,518
,515
,522
,525
,523
,517
,520
,525
,518
,525
,526
,516
,530
,524
,520
,532
,528
,519
,516
,526
,525
,525
,518
,520
,519
,520
,521
,521
,519
,528
,516
,521
,523
,525
,517
,536
,520
,536
,521
,520
,525
,521
,529
,524
,528
,516
,523
,519
,518
,517
,539
,516
,527
,517
,523
,518
,522
,513
,527
,522
,524
,517
,528
,515
,524
,520
,530
,516
,525
,515
,528
,521
,521
,516
,517
,530
,531
,520
,519
,521
,523
,518
,523
,529
,526
,526
,521
,523
,522
,532
,523
,530
,522
,531
,518
,533
,513
,528
,515
,523
,532
,519
,522
,518
,524
,516
,525
,516
,522
,515
,521
,522
,537
,515
,573
,518
,520
,523
,522
,520
,531
,520
,525
,518
,521
,516
,521
,515
,522
,517
,525
,514
,524
,520
,525
,518
,524
,515
,527
,515
,527
,536
,521
,521
,511
,530
,522
,519
,521
,522
,523
,524
,515
,531
,518
,521
,532
,518
,527
,518
,521
,521
,524
,519
,526
,514
,523
,523
,524
,520
,529
,514
,532
,521
,517
,516
,521
,513
,529
,516
,520
,520
,529
,517
,524
,523
,525
,528
,518
,527
,511
,519
,520
,524
,519
,524
,520
,523
,532
,521
,522
,518
,521
,519
,527
,523
,526
,517
,523
,526
,517
,516
,529
,525
,524
,523
,525
,516
,530
,515
,524
,519
,527
,520
,519
,513
,519
,513
,523
,515
,523
,515
,517
,521
,528
,514
,528
,522
,535
,519
,524
,530
,519
,529
,513
,521
,519
,523
,522
,522
,518
,519
,522
,522
,517
,520
,529
,515
,525
,519
,526
,519
,521
,518
,518
,519
,537
,523
,520
