null,4293
,4430
,4619
,4762
,4920
,3884
,4629
,4611
,4754
,4909
,8466
,4154
,4628
,4553
,7761
,4439
,4608
,6669
,4433
,4623
,4939
,4936
,8463
,4446
,4223
,4795
,7747
,4452
,4378
,4734
,4940
,8479
,4459
,4616
,4774
,4981
,8384
,4412
,4624
,4849
,4957
,8392
,4463
,4592
,4785
,4952
,8361
,4408
,4597
,4754
,4955
,8406
,4670
,4590
,6691
,4471
,4632
,4774
,7726
,4452
,4611
,4777
,4910
,8380
,4424
,4230
,4748
,7806
,4430
,4565
,4762
,4928
,8484
,4434
,4227
,4770
,4922
,8251
,4441
,4636
,4776
,4946
,8321
,4433
,4968
,4760
,4967
,8425
,4181
,4637
,6722
,4457
,4566
,4549
,7765
,4426
,4622
,4775
,7967
,4663
,4794
,4959
,5108
,4557
,4411
,4615
,4718
,6939
,4223
,4739
,4956
,5069
,9356
,4489
,4254
,4779
,4727
,8308
,4452
,4612
,4569
,4931
,8388
,4470
,4594
,4768
,7672
,4421
,4569
,4792
,7658
,4428
,4576
,4785
,4958
,8375
,4453
,4622
,4795
,4232
,4442
,4627
,4762
,4926
,8482
,4418
,4590
,4772
,7674
,4536
,4592
,4765
,7777
,4425
,4242
,4557
,7709
,4394
,4569
,4774
,4706
,8343
,4194
,4698
,4748
,4967
,8310
,4445
,4647
,4787
,4951
,8446
,4450
,4607
,4742
,7688
,4436
,4244
,4820
,4955
,8346
,4685
,4622
,4788
,7660
,4450
,4611
,4769
,7756
,4428
,4628
,4771
,7695
,4166
,4372
,4791
,4744
,8366
,4437
,4588
,4545
,7703
,4195
,4627
,4742
,4732
,8254
,4495
,4667
,4560
,7736
,4450
,4644
,5218
,4973
,8508
,4461
,4614
,4762
,4904
,8555
,4237
,4618
,4772
,7636
,4415
,4612
,4741
,4712
,8369
,4437
,4247
,4785
,4910
,8319
,4415
,4376
,4823
,4939
,8521
,4422
,4610
,4560
,7734
,4435
,4626
,4589
,7752
,4412
,4597
,4796
,4717
,8398
,4428
,4604
,4773
,4710
,8342
,4441
,4640
,4769
,4711
,8275
,4448
,4595
,4752
,4920
,3872
,4468
,4629
,4765
,4698
,5142
,9182
,4442
,4609
,4531
,7956
,4388
,4220
,4777
,4901
,8396
,4464
,4621
,4777
,7733
,4433
,4629
,4755
,7780
,4423
,4605
,4719
,7728
,4115
,4379
,6672
,4556
,4606
,4523
,4725
,8386
,4457
,4624
,4751
,7733
,4425
,4608
,4755
,5097
,8334
,4410
,4605
,4798
,4958
,8535
,4432
,4607
,4765
,4922
,8423
,4438
,4602
,4765
,4954
,8407
,4219
,4617
,4817
,4739
,8437
,4425
,4223
,4797
,7597
,4456
,4597
,4761
,4940
,4281
,4469
,4298
,4768
,4935
,8554
,4399
,4616
,4771
,4915
,8244
,4415
,4610
,6664
,4436
,4349
,4785
,4733
,8355
,4429
,4597
,4546
,7691
,4438
,4570
,4765
,4924
,8400
,4453
,4597
,4772
,4696
,8321
,4428
,4756
,4768
,4946
,4447
,4414
,4267
,4797
,4991
,8454
,4465
,4551
,4790
,4882
,7845
,4590
,4533
,4681
,8744
,4594
,4778
,4970
,4882
,9066
,4231
,4647
,6720
,4420
,4613
,4548
,7756
,4435
,4604
,5186
,4940
,4435
,4418
,4636
,4758
,4950
,4853
,9145
,4198
,4308
,4765
,7738
,4443
,4605
,4733
,5140
,4370
,4477
,4635
,4740
,4699
,8405
,4427
,4228
,4859
,4660
,8408
,4440
,4598
,4551
,7738
,4823
,4582
,4753
,4695
,8405
,4438
,4235
,4783
,4733
,8314
,4155
,4613
,4791
,4731
,8332
,4436
,4593
,4774
,4919
,8410
,4442
,4592
,4724
,4925
,4249
,4441
,4604
,4744
,4939
,5153
,9231
,4477
,5123
,4804
,4921
,4281
,4450
,4655
,4779
,4977
,8513
,4457
,4611
,4818
,4952
,8344
,4470
,4613
,4772
,7691
,4141
,4598
,4755
,4918
,5089
,9177
,4439
,4624
,4802
,4678
,8366
,4407
,4593
,4787
,4689
,8374
,4401
,4658
,4738
,4940
,8436
,4425
,4265
,4767
,7689
,4419
,4599
,4750
,4904
,8446
,4454
,4616
,4812
,7764
,4419
,4582
,6636
,4423
,4600
,4760
,4958
,8435
,4435
,4609
,4778
,7725
,4569
,4583
,4769
,7672
,4137
,4616
,4815
,4715
,8321
,4432
,4605
,4770
,4712
,8289
,4406
,4628
,4747
,4969
,8449
,4219
,4625
,4537
,7712
,4460
,4598
,4782
,4675
,8389
,4210
,4633
,4780
,4967
,8616
,4441
,4626
,4728
,4895
,7925
,4460
,4218
,4773
,4939
,8372
,4422
,4241
,4545
,7675
,4398
,4609
,4761
,4931
,8396
,4411
,4592
,4798
,4956
,4468
,4474
,4640
,4805
,4958
,5117
,9196
,4442
,4611
,5203
,4704
,8344
,4445
,4372
,4759
,4924
,8430
,4443
,4595
,4774
,4911
,8476
,4462
,4678
,4521
,7764
,4417
,4608
,4765
,7626
,4154
,4585
,4763
,4869
,5081
,4324
,4424
,4632
,4780
,4968
,5108
,9476
,4425
,4262
,4776
,4923
,8326
,4453
,4603
,4722
,4966
,8374
,4430
,4577
,4763
,4703
,8383
,4405
,4607
,4749
,4941
,8391
,4415
,4592
,4772
,7713
,4441
,4620
,4766
,4699
,8440
,4454
,4607
,5241
,4701
,8443
,4440
,4604
,4792
,7696
,4472
,4598
,4753
,4955
,8402
,4433
,4588
,4769
,7691
,4433
,4207
,4781
,4720
,8374
,4459
,4628
,4817
,7717
,4433
,4610
,4505
,4716
,8424
,4234
,4657
,5118
,4979
,8449
,4461
,4614
,4769
,4709
,8364
,4418
,4656
,4761
,4899
,8303
,4569
,4599
,4735
,4907
,8318
,4424
,4595
,4766
,4673
,8430
,4396
,4610
,4746
,4956
,8368
,4431
,4602
,4785
,7699
,4795
,4232
,4747
,4978
,8443
,4211
,4599
,4757
,7628
,4399
,4629
,4811
,4685
,8345
,4501
,4573
,4818
,4725
,8348
,4449
,4581
,4717
,4986
,8361
,4483
,4600
,4811
,4719
,8293
,4441
,4606
,4739
,4950
,8458
,4409
,4581
,4761
,4707
,8391
,4422
,4584
,4770
,4894
,8390
,4445
,4614
,4725
,4930
,8433
,4463
,4595
,4762
,7649
,4422
,4570
,4744
,7700
,4202
,4619
,4808
,7603
,4451
,4599
,4758
,8120
,4456
,4623
,4772
,4700
,8406
,4446
,4620
,6656
,4421
,4245
,4785
,4668
,8525
,4430
,4654
,6673
,4434
,4279
,4818
,7723
,4423
,4613
,4750
,4671
,8321
,4215
,4643
,4747
,7674
,4423
,4613
,4759
,4934
,8422
,4429
,4597
,4505
,4675
,8391
,4431
,4619
,4760
,4955
,8452
,4407
,4575
,4821
,4740
,8298
,4414
,4271
,4770
,4698
,8356
,4478
,4619
,4758
,7723
,4453
,4251
,4763
,4974
,8400
,4436
,4634
,4570
,7749
,4437
,4612
,4775
,4964
,8284
,4430
,4587
,4725
,6885
,4578
,4732
,4905
,5084
,9086
,4429
,4603
,4763
,4896
,8371
,4390
,4554
,4767
,4900
,8439
,4435
,4251
,4776
,4936
,8354
,4426
,4601
,6940
,4613
,4754
,4953
,5088
,9369
,4427
,4628
,4760
,4933
,8611
,4413
,4595
,4757
,4930
,8340
,4437
,4593
,4784
,4955
,8467
,4416
,4607
,4772
,4939
,8359
,4444
,4263
,4764
,7746
,4427
,4600
,6667
,4419
,4594
,4538
,7794
,4460
,4589
,4786
,4937
,8462
,4440
,4628
,4787
,4976
,4262
,4453
,4412
,4796
,4935
,8530
,4148
,4628
,4554
,7678
,4396
,4578
,4807
,7744
,4415
,4574
,4780
,5293
,8403
,4457
,4602
,4757
,4695
,8365
,4420
,4621
,4780
,4935
,8458
,4486
,4601
,4794
,4917
,8314
,4400
,4244
,4779
,7724
,4465
,4601
,4779
,4660
,8401
,4433
,4638
,4525
,4952
,8395
,4464
,4335
,4744
,4925
,8438
,4444
,4251
,4816
,7723
,4423
,4636
,4828
,4942
,8454
,4446
,4605
