null,1681
,1816
,2574
,1918
,2008
,1710
,1787
,2029
,1904
,1977
,4204
,1885
,1977
,2114
,2635
,1912
,2562
,2339
,2000
,1991
,2109
,2522
,2861
,2980
,1822
,2098
,2006
,4302
,1995
,2015
,2126
,2226
,7418
,1932
,2297
,4290
,1919
,1985
,2208
,1902
,2005
,2199
,1881
,1979
,2783
,2175
,2541
,1932
,2016
,2113
,1820
,1939
,2120
,1901
,3991
,1803
,1879
,3275
,1885
,1972
,2131
,2293
,6535
,1894
,2626
,2310
,2191
,2550
,2912
,1904
,1987
,2258
,1881
,1978
,2128
,5762
,1816
,1886
,3491
,1828
,1990
,1726
,2411
,1798
,1875
,2096
,1905
,1989
,3913
,1885
,1977
,2130
,2193
,2923
,7604
,1897
,3522
,1897
,1990
,2103
,1805
,1887
,3275
,1909
,2001
,2199
,1897
,1998
,4038
,1911
,1975
,2091
,2174
,4183
,1897
,1989
,2117
,1796
,1871
,2010
,2086
,2180
,2686
,2202
,6930
,1893
,2012
,1797
,1895
,3355
,1916
,1980
,2090
,2269
,1807
,1890
,2118
,1914
,2005
,4010
,1911
,2001
,2208
,1910
,2030
,4764
,1940
,1928
,1732
,1793
,2596
,1922
,2002
,4353
,1902
,2021
,4281
,1909
,1979
,2087
,1882
,1901
,1994
,2569
,2289
,3017
,1897
,2147
,4288
,1902
,1978
,2089
,6547
,1798
,2589
,1887
,3286
,1914
,2014
,2136
,1735
,1789
,2580
,1907
,2002
,2127
,2244
,2505
,2975
,1892
,2000
,2078
,2908
,6586
,1923
,1993
,2073
,2190
,7058
,1805
,2311
,2004
,4575
,1821
,3152
,1814
,1875
,2122
,1910
,1985
,4163
,2019
,2008
,2406
,1899
,1984
,2412
,2565
,2426
,4073
,1905
,1928
,2700
,2241
,5750
,3304
,1795
,1915
,1734
,1794
,2540
,1896
,3350
,1907
,2043
,2082
,2218
,2683
,3186
,1903
,2764
,2272
,2259
,2932
,2186
,2409
,2854
,1900
,1983
,4250
,1935
,2125
,1915
,1991
,2076
,2542
,2933
,3183
,1913
,2573
,2346
,2099
,5910
,1825
,1889
,1998
,1801
,1883
,2023
,1789
,1879
,1998
,4932
,1828
,1894
,1811
,1882
,1972
,4147
,1901
,2011
,4631
,1790
,1885
,1975
,2112
,2213
,2316
,9363
,1802
,2536
,2013
,2538
,2824
,1950
,2013
,2130
,2836
,2406
,1931
,2008
,2336
,1946
,1980
,2106
,2186
,8083
,1912
,2000
,2284
,1809
,1900
,3379
,1997
,1990
,2090
,5292
,1924
,1997
,4804
,1795
,2603
,1888
,1986
,2197
,1888
,1987
,4175
,1893
,2001
,4187
,1911
,2004
,2076
,2225
,6465
,1903
,2010
,2455
,1892
,2645
,2405
,1912
,2007
,2232
,1896
,2008
,2085
,4630
,1907
,1991
,2193
,1904
,1974
,2302
,1914
,1989
,2083
,2397
,3220
,3117
,1916
,1995
,2116
,2399
,1939
,2210
,2449
,1901
,1989
,2101
,2524
,2355
,3173
,2016
,4040
,1806
,1893
,2117
,1907
,2002
,4722
,1802
,1918
,1705
,1822
,1899
,1995
,2136
,2280
,7469
,1808
,1885
,1984
,4393
,1929
,2022
,4193
,2059
,1996
,2313
,1805
,1899
,2236
,1999
,1995
,2086
,4981
,2006
,1997
,2090
,2338
,2541
,7641
,1886
,2274
,2619
,2214
,2823
,3348
,1901
,2049
,2377
,1912
,1992
,4247
,1890
,1991
,2080
,2255
,6920
,1906
,1999
,4232
,1884
,1972
,3403
,2179
,2299
,8446
,1910
,4149
,1783
,1895
,2362
,2145
,1835
,1916
,2008
,1840
,1912
,1988
,1801
,1877
,3384
,1915
,3976
,1793
,2586
,1893
,1999
,2091
,5221
,1920
,3469
,1880
,1987
,4212
,2005
,1998
,2489
,2606
,2290
,3224
,2801
,2321
,2416
,2735
,10258
,1906
,2119
,2178
,6309
,1801
,1889
,2030
,1822
,1915
,2035
,4341
,1996
,1988
,2076
,2208
,2324
,9567
,1792
,1913
,1987
,4318
,1905
,1985
,1798
,2585
,1898
,1971
,2086
,4959
,1909
,1978
,4884
,1797
,1894
,1996
,2124
,2708
,3041
,1895
,1984
,2818
,2240
,7303
,1814
,1898
,2104
,1813
,1902
,1983
,2269
,2646
,2300
,8497
,1929
,2024
,2198
,1769
,1794
,1887
,2134
,1904
,1987
,2211
,1901
,1988
,2081
,2232
,2664
,1825
,1897
,3278
,2010
,1985
,2089
,6535
,1797
,2455
,2556
,4924
,1801
,2579
,1996
,1981
,2080
,2174
,3081
,3078
,1916
,3084
,2382
,5694
,1891
,2040
,1731
,1818
,1712
,1819
,1917
,1810
,1918
,1814
,1922
,3326
,1879
,2005
,4803
,1803
,1897
,2004
,1803
,1874
,2142
,1890
,1997
,4688
,1911
,1896
,1974
,2083
,2208
,2596
,1808
,1884
,2003
,1788
,1884
,2013
,2075
,5758
,1916
,1992
,2111
,2229
,2473
,8766
,1885
,1988
,2687
,2283
,1903
,2217
,2104
,2434
,1804
,1884
,1987
,2112
,1760
,1786
,2579
,1926
,1987
,2174
,1897
,1980
,2244
,1888
,1980
,2274
,1813
,1898
,1971
,2102
,2181
,8368
,1907
,2308
,4447
,1929
,1984
,2950
,2175
,6359
,1909
,1997
,2261
,1888
,2012
,2081
,4972
,1902
,1992
,4225
,1909
,1978
,2085
,2381
,1985
,2082
,6445
,1928
,2018
,2135
,2214
,2365
,2870
,2200
,2405
,3095
,1895
,3480
,1910
,2026
,4180
,1921
,3384
,1898
,1988
,2109
,2178
,2548
,3121
,1898
,1992
,4148
,1898
,1981
,4753
,1816
,1890
,2005
,2084
,2378
,1899
,2182
,2764
,2906
,2544
,3301
,1926
,2744
,2519
,1816
,1885
,3447
,1900
,1993
,2101
,2208
,1803
,1892
,2015
,1798
,1876
,1995
,1819
,1893
,1984
,2078
,2184
,8844
,1806
,1905
,4128
,1805
,1895
,3712
,1891
,1911
,1731
,1789
,1885
,3545
,1912
,1989
,4799
,1787
,1881
,1982
,2090
,2356
,3093
,1902
,2835
,2278
,1900
,2025
,2093
,2536
,1884
,2482
,2901
,5230
,1902
,2000
,2086
,4646
,1891
,2015
,4809
,1914
,4034
,1800
,1894
,1987
,1813
,1895
,2022
,4500
,1914
,1977
,4279
,1901
,2006
,1816
,1889
,2001
,4521
,1815
,1896
,1985
,2086
,2178
,8476
,1891
,2617
,2306
,6265
,1824
,1887
,3376
,1887
,1970
,2079
,8542
,1786
,1900
,3697
,1810
,1870
,2088
,1890
,1986
,4068
,1898
,2009
,2094
,5252
,2016
,2062
,2235
,2879
,2829
,3269
,1896
,2017
,1759
,1791
,1878
,1982
,4158
,1921
,2002
,4186
,1881
,1975
,2175
,2760
,1797
,1905
,4199
,1792
,1873
,3408
,1906
,1984
,2086
,4929
,1893
,1983
,2098
,4489
,2321
,3295
,1915
,1994
,3215
,2238
,2334
,1718
,1784
,2614
,1885
,1984
,2081
,1798
,3190
,1799
,1886
,1995
,2062
,2396
,1987
,2106
,2204
,7145
,1794
,1903
,3315
,1889
,1978
,2839
,2219
,2751
,2187
,8297
,2031
,2440
,2368
,1801
,1899
,2115
,1907
,2001
,3975
,1898
,3356
,1897
,1984
,4071
,1885
,1989
,2247
,2861
,2735
,3068
,2206
,2279
,6879
,1917
,3113
,2773
,2277
,6738
,1918
,2098
,2381
,1904
,1984
,4239
,1938
,2031
,1821
,1911
,2026
,1794
,1904
,1996
,2089
,2195
,6970
,1910
,3359
,1888
,1986
,2102
,1715
,1791
,2359
,1986
,1988
,2082
,4970
,1896
,1970
,2075
,2348
,6472
,1903
,2358
,2105
,2716
,1909
,1995
,2244
,1898
,3535
,1906
,1973
,2204
,1889
,2163
,4366
,1924
,1978
,4260
,1912
,1978
,4107
,1889
,3363
,1889
,3280
,1913
,4015
,1907
,1895
,2002
,1818
,1908
,2028
,1889
,1980
,2094
,2257
,1903
,1994
,2164
,1893
,2001
,2125
,1915
,1896
,1992
,2218
,1915
,1999
,2129
,2562
,2647
,3123
