null,42825
,44306
,45509
,45509
,44222
,42861
,47607
,47607
,41106
,41666
,43231
,45057
,45213
,49120
,45549
,46612
,46612
,45502
,45250
,48812
,44912
,45430
,43704
,40258
,48745
,44484
,42729
,42729
,39862
,44423
,42124
,44696
,45078
,48134
,44442
,49218
,44677
,47835
,40175
,47449
,40660
,46090
,43890
,43360
,42092
,44639
,44067
,41885
,43822
,44067
,47800
,44732
,46186
,42924
,45571
,43401
,48462
,44295
,48100
,44354
,45695
,43071
,44458
,42021
,43830
,43904
,45638
,45638
,43774
,44275
,48501
,44337
,48104
,44596
,45422
,45422
,40187
,44267
,47961
,43954
,48047
,44280
,48319
,44270
,45390
,39243
,40768
,48323
,44057
,48562
,44374
,45189
,42914
,44097
,44097
,44536
,41588
,46264
,51235
,44253
,48334
,40171
,47914
,45110
,48672
,44493
,45412
,43992
,43941
,42035
,37962
,43513
,49141
,43862
,48193
,45034
,45234
,43866
,40042
,48024
,44879
,48496
,44323
,47775
,44372
,48086
,43849
,45503
,45503
,44122
,44333
,48436
,45034
,48355
,44324
,47875
,43921
,45565
,43133
,43710
,41021
,44461
,47946
,44462
,42504
,44154
,44384
,42340
,43599
,40686
,48048
,44384
,48238
,44252
,44532
,44128
,48217
,44103
,47781
,43944
,48420
,43991
,48132
,44039
,48668
,45485
,48372
,45088
,42193
,43996
,41099
,48355
,44149
,44677
,44236
,41559
,41559
,44174
,41681
,45224
,45224
,40329
,48300
,45053
,41784
,41784
,44069
,41837
,46196
,46196
,44295
,44325
,43362
,48889
,44637
,49224
,44696
,45599
,44092
,40364
,44206
,44327
,47836
,44475
,48084
,43244
,49295
,45169
,48323
,43959
,48301
,44345
,45430
,45430
,43471
,44022
,47818
,45305
,47481
,43905
,45226
,45226
,43905
,41048
,45521
,45521
,43825
,41033
,47949
,44070
,47838
,44506
,48805
,44499
,41945
,41945
,43378
,41569
,45845
,45845
,43731
,44387
,47128
,44757
,42373
,43371
,44670
,44639
,44296
,48217
,44126
,48362
,44244
,49014
,44377
,45373
,44670
,44013
,49291
,44169
,48434
,44578
,41452
,43709
,43363
,47939
,44079
,48568
,44470
,48154
,44122
,42383
,42383
,43851
,41194
,44893
,44893
,44229
,48389
,44267
,48132
,44201
,47804
,43859
,48357
,44069
,47816
,45537
,45503
,45503
,39304
,44346
,48171
,44636
,45117
,45117
,43864
,44131
,47933
,44652
,48336
,44109
,48240
,44383
,42873
,43922
,47861
,44193
,48263
,44624
,48136
,43918
,41740
,44214
,40411
,45521
,44295
,40474
,48570
,44519
,48794
,44444
,47994
,40837
,47686
,45189
,47898
,44085
,41633
,44652
,40386
,44164
,44606
,47543
,44042
,48061
,45017
,48083
,44902
,47237
,43910
,48423
,44133
,48049
,44188
,41714
,43842
,40463
,44946
,43764
,44242
,49069
,44537
,41996
,43448
,40683
,42061
,43406
,44457
,45401
,42670
,44313
,44313
,40438
,44286
,45200
,44000
,40239
,48291
,44111
,48317
,44050
,45341
,43492
,46620
,44286
,42358
,42358
,43558
,41510
,46513
,46513
,43859
,41633
,48311
,45137
,41490
,41490
,44234
,44557
,45532
,43772
,40490
,45522
,44826
,40616
,48974
,44051
,45148
,43750
,39804
,48172
,44263
,45372
,44767
,44269
,48224
,45066
,41921
,43642
,40504
,48798
,45236
,48196
,44484
,45263
,43248
,40624
,45457
,43946
,44405
,44752
,42335
,44172
,44172
,43570
,43888
,45067
,45067
,40613
,44232
,48461
,45141
,48129
,44904
,48645
,44322
,48285
,44253
,44668
,44113
,45260
,45260
,40931
,44776
,41158
,43608
,44565
,45406
,42814
,45274
,44967
,48241
,44472
,48370
,43939
,48280
,43799
,47901
,44012
,47526
,44348
,45904
,43938
,44017
,48352
,43885
,46027
,43641
,44045
,41461
,44892
,45221
,47598
,44419
,47788
,44127
,45585
,43711
,46432
,47931
,44205
,48452
,44472
,47943
,43744
,41562
,41562
,37866
,44001
,48175
,44225
,44994
,44994
,40582
,41175
,49178
,44543
,48214
,44645
,45468
,43987
,44134
,48192
,44178
,48193
,44690
,48954
,44347
,47910
,45023
,41274
,44675
,40807
,48042
,44526
,45159
,45159
,43364
,43561
,48281
,43580
,48186
,40001
,48225
,44304
,44002
,44526
,49389
,44050
,48024
,44964
,48440
,44338
,48664
,44123
,48346
,44465
,41490
,43767
,43994
,48705
,44366
,48064
,43897
,48933
,44141
,42014
,44182
,44417
,47918
,44279
,45296
,43842
,44341
,48219
,44527
,48519
,43989
,45713
,43643
,44655
,42290
,43632
,43878
,45467
,45467
,40103
,44253
,41840
,41840
,39318
,44111
,46204
,44254
,44170
,45692
,43420
,40149
,47855
,44284
,45068
,45068
,37974
,43789
,44876
,44531
,47989
,44634
,49011
,44347
,47887
,44147
,45260
,43730
,43870
,41366
,45135
,42693
,46593
,46593
,44397
,46267
,44044
,41179
,48034
,43919
,48931
,44439
,48568
,44123
,48767
,40630
,45228
,45228
,43642
,41330
,45239
,45239
,44195
,48347
,44027
,45292
,43108
,40278
,40278
,44525
,45138
,44933
,43335
,40560
,45624
,39681
,44404
,44404
,43853
,41677
,45292
,45292
,44061
,48279
,44188
,49084
,44435
,48145
,40208
,48118
,43543
,48141
,44750
,47878
,44100
,45666
,43431
,40572
,45501
,43574
,44081
,48243
,43871
,45306
,45306
,39038
,41381
,46175
,46175
,40209
,43632
,44110
,44902
,44155
,45221
,44942
,43777
,44149
,41194
,44639
,42889
,45894
,42681
,47617
,44277
,44523
,48219
,41059
,48350
,44140
,47957
,44347
,45563
,44944
,44333
,49130
,44455
,48365
,44104
,49031
,44338
,42421
,44436
,43905
,48085
,44373
,45232
,45232
,44217
,45024
,44430
,41988
,40118
,44128
,48773
,44584
,48713
,40354
,42130
,44758
,44189
,45556
,43113
,44323
,44323
,43845
,41547
,45285
,45285
,43765
,41574
,45485
,45485
,44086
,42268
,44233
,44375
,44919
,44544
,45324
,43872
,44289
,45682
,43934
,45362
,48389
,44266
,48869
,44370
,48243
,44716
,47895
,44558
,48808
,44534
,42419
,43670
,40745
,47995
,45210
,47646
,44539
,48531
,44400
,47981
,44369
,48415
,44231
,48533
,44175
,48435
,44326
,47891
,44708
,44039
,44265
,45589
,44741
,44332
,48581
,44426
,45367
,43763
,44585
,48208
,44305
,48500
,44075
,47892
,44515
,47983
,44148
,44886
,44336
,40186
,42884
,44363
,48775
,43856
,48337
,44071
,47860
,44070
,48428
,44893
,48143
,44466
,41618
,43473
,44342
,48186
,44452
,47876
,40769
,42000
,43587
,45191
,42046
,43956
,40411
,48601
,44053
,48451
,44454
,48305
,43796
,46557
,43936
,44099
,41682
,40145
,40688
,48247
,44286
,45265
,45147
,40184
,48489
,44168
,42190
,44836
,40504
,47856
,39704
,41580
,43801
,44657
,48208
,44418
,48427
,44071
,45581
,45581
,40029
,41346
,48032
,44769
,48231
,44081
,45338
,44709
,44087
,44910
,44367
,41657
,44226
,44311
,48146
,44198
,45104
,45183
,45505
,44149
,45159
,45576
,43105
,45652
,44162
,45277
,45277
,39538
,40767
,48567
,44343
,47726
,44104
,45461
,43793
,44664
,42077
,44132
,44469
,43565
,44425
,45594
,44113
,44651
,41916
,41662
,45551
,45551
,44765
,44107
,48175
,44242
,42044
,44303
,41175
,44796
,43624
,40730
,45298
,43808
,44632
,48297
,44266
,45436
,43609
,48032
,45804
,46316
,44023
,44322
,48135
,43827
,48193
,43761
,48024
,44571
,44960
,41140
,44210
,49174
,40609
,46208
,44101
,40241
,45702
,44007
,40239
,45631
,43889
,44568
,48201
,44473
,48220
,44236
,48770
,44507
,41940
,43883
,44629
,48542
,44324
,48248
,43785
,48275
,44570
,46339
,44306
,45323
,44822
,44822
,44060
,41780
,44944
,44944
,40642
,47943
,44428
,47922
,40259
,48388
,44439
,48451
,44061
,48440
,40323
,45118
,45118
,44297
,44187
,46318
,46318
,45025
,45060
,45060
,44722
,44976
,48071
,44931
,48265
,44232
,48518
,44669
,48164
,44744
,45526
,45526
,43622
,44769
,42020
,43861
