null,1052
,1504
,1062
,1060
,2041
,1070
,1063
,2882
,1059
,1063
,2604
,1066
,1052
,2569
,1058
,1063
,2533
,1074
,1059
,2527
,1261
,1056
,1058
,1069
,1077
,4783
,1065
,1054
,1349
,1062
,1052
,1055
,1055
,3163
,1109
,1056
,1066
,3428
,1059
,1059
,2075
,2019
,1056
,1056
,1053
,1053
,1063
,3691
,1076
,1060
,2912
,1071
,2522
,1084
,1077
,2487
,1058
,1058
,1062
,1058
,1075
,1077
,1074
,5355
,1067
,1047
,2083
,1061
,1050
,2553
,1065
,1055
,1052
,1061
,1495
,1075
,1062
,1331
,1051
,1057
,1052
,1057
,3660
,1062
,1053
,1057
,1059
,1054
,4207
,1063
,1073
,1076
,1395
,1296
,1647
,1063
,1055
,1336
,1053
,1059
,1052
,1053
,3605
,1059
,1067
,1054
,1092
,1056
,1051
,7130
,1060
,1075
,1351
,1082
,2475
,1068
,1056
,1990
,1074
,1057
,3074
,1060
,1053
,1068
,2555
,1067
,1053
,2580
,1069
,1069
,1058
,1069
,1064
,1064
,1043
,1081
,1052
,2542
,1061
,1061
,2890
,1065
,1054
,1067
,1070
,1064
,3029
,1059
,1057
,1053
,1071
,4058
,1261
,1058
,1063
,1070
,1053
,4095
,1067
,1067
,1043
,1065
,4077
,1065
,1063
,1060
,1062
,1046
,3620
,1128
,1059
,1059
,1052
,1043
,1079
,1068
,1098
,1069
,2066
,1120
,1058
,2582
,1063
,1053
,2541
,1074
,1069
,1072
,1265
,1068
,1057
,1350
,1067
,1052
,2568
,1074
,1060
,2526
,1084
,1065
,2547
,1258
,1056
,1050
,1053
,1056
,4142
,1127
,1074
,2575
,1058
,1052
,1055
,1063
,1067
,1055
,1066
,1058
,1067
,1050
,3088
,1518
,1523
,1082
,1075
,1058
,1052
,1550
,1133
,1067
,3041
,1069
,1054
,1051
,1051
,1047
,4154
,1059
,1064
,1084
,1058
,1453
,1055
,1057
,1077
,3576
,1067
,1069
,1264
,1057
,1048
,1064
,1067
,3919
,1082
,1056
,2134
,1063
,1047
,3191
,1078
,1077
,1067
,1071
,1067
,1055
,1062
,1057
,1467
,1069
,2519
,1059
,1061
,1068
,2876
,1073
,1059
,1069
,1063
,1469
,1059
,1051
,1347
,1069
,1051
,2561
,1064
,1051
,1070
,1055
,3578
,1060
,1084
,1053
,3011
,1056
,1053
,1054
,1055
,1057
,4085
,1063
,1060
,1072
,1046
,1050
,4672
,1125
,1063
,1072
,1530
,1069
,3695
,1075
,1073
,2528
,1068
,1067
,1058
,3123
,1075
,1060
,2332
,1080
,1076
,1070
,1087
,1080
,2314
,1054
,1067
,1067
,1054
,1066
,3979
,1095
,1059
,2552
,1062
,1069
,1068
,3378
,1061
,1059
,1061
,1054
,1058
,1515
,1068
,1063
,1073
,2984
,1058
,1051
,1065
,1049
,1084
,1071
,1075
,1074
,2097
,1061
,1073
,1064
,3125
,1058
,1073
,2450
,1059
,1071
,1062
,1042
,1064
,1050
,4788
,1147
,1070
,1075
,1066
,1067
,1049
,1058
,1076
,1053
,1068
,3531
,1052
,1064
,1051
,1044
,1051
,3739
,1065
,1055
,3885
,1126
,1060
,1063
,1059
,1139
,1069
,5304
,1068
,1066
,1089
,1062
,1065
,1075
,3395
,1061
,1056
,1054
,1065
,1065
,4708
,1087
,1061
,3113
,1056
,1063
,1059
,1058
,1055
,4753
,1058
,1060
,1593
,1061
,1069
,1055
,1060
,1549
,1423
,5461
,1075
,1077
,2279
,1060
,1060
,1056
,1049
,3115
,1059
,1058
,1051
,1055
,1050
,4092
,1072
,1059
,2572
,1059
,1063
,1047
,1069
,1056
,3977
,1058
,1076
,1057
,1064
,1068
,1052
,1904
,1059
,1055
,1336
,1054
,1071
,1058
,1050
,1063
,1061
,5164
,1080
,1061
,2023
,1050
,1046
,2551
,1060
,1062
,2524
,1058
,1069
,1350
,1071
,1067
,1072
,3344
,1080
,1056
,1077
,1059
,1062
,3464
,1065
,1064
,1067
,1067
,3876
,1064
,1059
,1064
,1468
,1066
,1064
,1051
,1051
,1050
,1575
,1055
,1047
,2572
,1069
,1067
,2468
,1076
,1049
,1071
,3409
,1122
,1059
,1061
,1072
,1057
,2542
,1070
,1062
,1063
,1056
,1076
,1549
,1051
,1064
,1050
,1059
,1059
,1070
,5043
,1081
,1069
,3601
,1087
,1070
,1075
,1071
,3895
,1070
,1062
,2079
,1068
,1058
,2535
,1055
,1067
,1045
,1069
,1069
,1072
,5523
,1073
,1063
,1073
,1794
,1057
,1049
,2490
,1073
,2492
,1065
,1061
,1825
,1090
,1064
,2566
,1060
,1053
,2565
,1059
,1052
,1047
,1052
,1054
,4786
,1067
,1060
,1061
,1056
,3586
,1054
,1058
,2099
,1063
,1071
,1063
,1052
,1064
,3930
,1059
,1056
,2570
,1064
,1062
,2701
,1064
,1064
,1052
,1044
,1053
,3400
,1057
,1062
,1059
,1055
,1059
,4169
,1070
,1066
,1058
,1055
,1049
,1475
,1054
,1069
,1059
,1057
,1062
,6363
,1071
,1067
,2586
,1061
,1053
,1050
,1050
,1449
,1093
,1069
,1080
,1092
,1051
,2422
,1065
,1065
,1065
,1053
,1063
,1105
,1073
,6979
,1088
,2019
,1074
,1067
,1056
,1053
,1058
,3572
,1064
,1064
,1052
,1067
,1066
,4809
,1072
,1071
,1068
,3062
,1058
,1065
,1075
,1084
,1066
,2070
,1072
,1083
,1219
,1064
,1057
,1059
,2712
,1062
,1048
,1053
,1039
,1059
,1050
,7706
,1069
,1062
,2583
,1054
,1049
,1057
,1047
,1049
,4001
,1089
,1057
,3127
,1055
,2017
,1069
,1058
,1048
,1410
,1131
,1076
,3078
,1055
,1051
,2081
,1065
,1063
,1066
,1068
,2523
,1056
,1050
,3091
,1062
,1067
,2091
,1058
,2076
,1063
,1065
,2825
,1062
,1056
,1601
,1059
,1059
,2891
,1070
,1061
,3022
,1055
,1054
,1054
,1043
,1073
,4566
,1077
,1057
,1063
,2329
,1061
,1053
,1056
,1043
,1060
,1055
,8478
,1068
,1134
,1253
,1416
,1059
,1052
,1079
,1085
,2487
,1058
,1063
,1065
,1046
,1065
,4307
,1048
,1080
,1080
,3294
,1078
,1072
,1061
,2412
,1126
,1066
,1060
,1041
,1048
,4028
,1075
,1059
,1337
,1062
,1050
,1056
,3320
,1077
,1060
,2066
,1080
,1065
,1048
,1063
,1059
,1064
,1047
,1068
,4074
,1054
,1052
,2556
,1060
,1048
,2462
,1068
,1063
,2567
,1067
,2071
,1063
,1054
,1065
,1047
,4062
,1058
,1061
,1055
,1072
,4044
,1066
,1053
,1066
,1047
,1063
,3634
,1062
,1064
,2570
,1060
,1064
,2578
,1058
,1058
,1048
,1049
,1065
,1552
,1075
,1076
,1079
,3597
,1059
,1057
,1056
,1056
,1070
,1053
,4322
,1122
,1064
,1059
,4784
,1068
,2506
,1081
,2001
,1070
,1063
,1066
,1052
,3300
,1064
,1063
,3259
,1073
,1060
,2582
,1075
,1062
,1056
,1066
,1056
,4170
,1127
,1057
,1066
,1060
,1060
,4180
,1128
,1073
,1076
,1054
,1056
,1069
,1602
,1078
,1081
,3091
,1134
,1052
,1066
,1058
,1050
,1435
,1052
,1047
,1069
,1048
,3609
,1059
,1053
,1060
,1057
,1059
,4691
,1075
,1061
,1324
,1079
,1052
,2524
,1065
,1058
,2572
,1057
,1061
,1058
,1063
,1056
,1062
,2073
,1065
,1054
,1063
,1054
,1049
,4117
,1068
,1060
,2569
,1077
,1046
,2891
,2029
,1078
,1077
,1080
,2264
,1081
,2023
,1121
,1062
,1044
,1062
,1047
,3554
,1059
,1064
,3086
,1071
,1058
,2071
,1059
,1053
,1055
,1061
,1055
,4212
,1063
,1057
,1060
,1050
,1052
,1100
,1742
,1079
,2029
,1076
,1062
,1068
,2921
,1082
,1059
,1045
,1059
,1070
,1073
,1056
,1069
,3838
,1057
,1065
,2029
,1058
,1057
,2514
,1043
,1058
,2574
,1061
,1055
,1066
,3326
,1070
