null,19447
,18816
,21275
,18976
,20952
,16986
,19458
,22601
,16887
,18189
,20199
,17570
,20925
,27639
,18403
,17481
,20099
,16866
,16866
,16106
,17989
,18289
,22359
,17227
,19365
,22518
,17163
,20343
,16991
,17735
,21884
,18693
,18140
,22061
,17811
,18208
,21958
,17081
,19466
,16867
,23752
,17775
,17867
,22151
,17567
,18313
,22181
,16763
,18241
,19217
,18673
,20282
,27502
,19315
,18204
,20061
,19087
,19087
,18063
,19003
,18359
,19491
,17970
,21170
,21454
,21454
,18293
,17162
,19569
,19569
,15921
,17140
,19230
,22723
,17197
,17879
,22807
,18225
,18339
,18314
,24836
,17020
,19587
,19587
,16369
,16898
,19304
,18509
,24264
,17794
,19497
,19497
,16004
,16798
,19494
,17556
,17556
,16088
,17166
,19654
,22553
,17809
,18913
,21652
,17778
,18213
,21936
,17167
,19611
,22686
,16946
,19544
,22601
,16886
,19497
,18570
,24410
,18884
,18204
,22107
,17163
,19592
,16881
,16881
,17822
,17025
,19466
,22436
,16724
,18854
,19392
,22724
,16621
,19117
,22679
,16824
,20059
,21962
,18421
,18375
,18375
,16875
,17740
,18402
,22078
,16875
,18271
,19983
,19402
,20226
,19131
,21397
,31175
,16973
,19422
,18107
,15369
,19539
,16819
,24222
,17095
,19570
,22561
,17755
,18239
,21610
,17218
,19414
,16795
,16795
,16179
,17043
,19330
,22764
,17068
,19558
,20412
,18155
,19476
,22712
,19107
,18541
,19907
,17773
,21049
,21478
,21478
,16579
,17619
,18304
,18304
,15791
,17861
,18326
,18310
,24592
,17006
,19365
,16926
,16926
,15939
,17823
,16941
,18600
,24172
,17180
,20172
,16745
,16745
,17303
,17043
,19416
,22270
,18448
,18314
,22029
,16784
,18267
,19840
,18865
,20394
,21426
,21426
,16504
,17930
,18536
,18536
,15149
,18046
,18276
,21593
,19243
,18304
,19464
,18778
,25495
,17076
,19553
,22612
,17022
,18147
,22048
,16992
,19528
,16582
,24330
,17866
,17262
,22262
,16842
,18156
,22069
,17139
,19866
,22179
,17105
,19364
,22611
,16808
,16063
,19412
,23561
,18936
,16536
,23010
,17032
,19636
,22448
,17736
,17299
,22053
,16880
,19839
,17417
,20002
,19109
,25196
,17034
,19582
,22525
,17113
,19626
,22149
,19264
,18355
,20226
,18320
,21008
,27580
,17088
,19254
,18410
,24267
,17739
,16453
,21580
,19838
,17926
,18256
,18256
,16570
,17778
,17306
,22176
,16834
,19730
,18040
,18422
,23931
,16994
,19460
,22523
,17038
,19149
,22091
,17035
,19540
,22695
,16033
,18324
,21783
,17661
,18324
,22178
,17065
,19604
,22519
,16891
,18161
,19375
,18914
,20722
,20722
,18932
,16747
,19469
,22668
,16971
,19527
,22585
,17016
,19668
,23068
,17179
,19127
,20960
,19346
,18388
,23702
,17019
,19662
,16820
,16820
,17045
,17003
,19087
,18516
,18516
,17792
,16812
,19136
,16882
,16882
,17783
,16835
,16903
,17934
,24487
,16955
,19176
,22538
,18367
,17444
,19837
,17846
,17846
,16092
,19272
,18367
,19800
,18861
,21138
,27614
,17706
,18227
,22177
,17205
,19598
,22586
,17137
,19476
,22639
,17108
,19403
,22622
,17055
,20681
,17054
,19365
,22658
,19052
,21064
,17021
,19533
,16836
,16836
,16025
,17799
,18430
,21968
,18792
,16952
,19577
,22085
,17006
,19482
,22643
,16957
,19421
,22700
,18985
,18575
,19311
,18966
,21136
,27612
,17857
,17540
,21949
,17153
,19402
,22640
,17077
,19248
,22082
,18964
,18243
,21552
,17069
,19340
,16462
,24244
,17148
,19588
,22705
,19065
,18276
,19216
,18814
,18852
,18852
,18162
,18992
,18107
,19039
,24684
,17120
,18943
,17835
,17835
,15907
,17105
,19444
,18479
,23378
,17011
,19494
,22498
,17900
,19084
,16699
,16699
,15597
,17185
,19426
,22677
,17794
,18231
,22231
,16807
,18441
,19460
,18792
,20835
,27715
,18285
,19952
,18777
,20783
,20783
,16354
,17667
,18840
,22256
,17043
,19508
,18526
,17713
,17849
,17063
,17063
,17474
,17152
,18213
,22733
,17050
,19215
,19215
,16346
,17905
,18208
,22120
,17052
,19015
,22536
,17331
,18523
,19425
,18829
,18829
,17904
,16964
,19619
,17064
,17064
,17196
,16981
,19373
,18515
,18515
,17763
,17080
,19552
,16832
,24173
,16931
,18955
,22146
,17219
,16186
,16186
,15969
,17615
,18210
,21970
,18173
,18232
,20039
,18738
,25498
,17056
,19195
,22938
,17121
,19558
,22801
,17857
,18301
,22108
,17246
,19327
,16716
,24292
,17211
,19694
,22576
,16816
,17668
,16419
,23564
,17587
,18369
,22165
,18331
,18314
,20572
,17433
,20992
,27569
,17119
,19556
,22583
,17014
,18237
,21462
,17981
,18604
,21565
,17015
,19114
,18513
,17655
,17888
,20609
,18245
,18181
,19468
,18898
,25894
,17593
,18185
,21583
,17913
,18263
,21758
,17139
,19571
,22707
,16977
,19379
,18550
,18550
,15250
,17002
,19368
,22640
,16974
,19643
,22169
,19325
,18230
,22287
,16972
,19422
,22672
,17304
,17670
,17522
,18935
,25295
,17839
,18957
,18957
,17737
,17060
,19379
,18635
,16698
,18849
,18333
,18333
,15907
,17199
,20208
,22734
,16990
,19747
,22642
,17018
,19479
,22656
,16879
,18182
,17321
,19160
,20879
,27547
,17018
,19376
,22493
,17099
,19540
,22608
,17056
,19583
,19583
,18166
,20077
,16807
,19370
,16946
,16946
,17316
,16842
,19394
,22187
,16989
,19557
,22543
,17031
,19401
,16808
,23792
,16875
,18875
,18469
,18469
,17406
,16905
,19464
,22580
,16767
,18980
,22302
,19028
,18392
,19379
,18881
,25829
,17067
,19752
,22668
,17119
,19314
,22397
,16708
,18300
,17689
,24293
,16777
,19009
,22551
,16872
,18921
,22337
,17157
,19495
,22715
,17815
,17698
,22255
,16923
,19729
,22594
,17095
,19519
,22488
,19167
,21124
,17795
,18102
,21434
,17836
,18225
,22097
,18979
,21021
,17073
,19664
,16885
,24335
,16862
,19407
,21969
,19136
,20927
,16949
,19336
,22495
,17163
,19093
,17026
,17026
,15914
,17691
,18245
,18245
,16990
,17260
,19508
,22028
,18481
,17747
,17747
,15901
,17789
,17726
,22038
,18947
,18748
,21800
,16936
,19476
,22324
,17199
,19457
,22552
,18965
,18288
,21722
,17002
,19226
,22521
,17144
,19536
,22683
,17131
,19633
,22471
,19114
,18183
,21794
,17862
,18244
,22223
,17193
,20627
,16958
,19329
,22478
,15839
,18206
,21576
,17103
,19688
,22524
,18995
,21160
,17174
,19568
,22481
,16874
,17115
,19096
,23141
,17866
,18241
,21649
,17123
,19185
,21879
,18357
,18225
,18225
,17600
,16827
,19473
,18424
,16741
,19009
,18215
,18215
,17265
,16755
,18980
,22224
,18472
,16600
,16600
,15834
,17743
,17297
,17297
,15871
,16988
,19450
,22581
,18106
,18907
,22094
,18447
,17468
,17468
,15833
,18027
,18207
,18207
,16026
,17631
,16185
,22194
,18855
,18253
,19625
,18883
,25613
,17765
,18349
,19313
,19313
,18268
,18899
,17105
,19415
,16514
,16705
,18546
,20940
,16881
,19497
,17419
,17419
,16019
,17812
,18153
,21741
,18616
,18200
,19668
,17153
,20980
,27501
,17118
,19526
,22365
,17013
,19115
,22616
,15109
,18223
,20020
,19001
,20874
,20874
,18198
,16825
,19481
,17693
,17693
,16135
,17213
,17485
,17485
,17638
,17791
,17774
,22139
,16919
,19302
,16782
,24229
,17366
,19105
,18530
,24098
,16998
,19472
,18510
,19714
,19181
,19181
,18117
,16819
,19465
,22230
,18547
,18181
,19929
,17309
,17309
,15568
,17719
,17497
,17497
,17733
,16957
,19054
,21975
,18485
,17339
,17339
,15930
,17054
,19444
,22489
,17771
,17227
,22067
,17269
,18850
,17591
,17591
,17805
,17145
,19572
,16869
,24206
,16954
,19410
,22355
,17443
,19416
,17512
,17512
,16106
,17785
,18261
,21715
,17055
,19680
,22459
,16938
,19916
,21935
,17048
,19770
,22584
,17109
,17915
,22617
,17071
,19554
,22597
,17377
,19543
,22530
,17869
,18227
,19331
,19331
